k 0.000000
k 1.500000
k 3.000000
c 0 0.000000 0.000000 0.000000
c 0 0.000000 0.000000 0.000000
c 0 0.000000 0.000000 0.000000
c 0 0.000000 0.000000 0.000000
c 0 0.000000 0.000000 0.000000
c 0 0.000000 0.000000 0.000000
c 0 0.000000 0.000000 0.000000
c 0 0.000000 0.000000 0.000000
c 0 0.000000 0.000000 0.000000
c 0 0.000000 0.000000 0.000000
c 0 0.000000 0.000000 0.000000
c 0 0.000000 0.000000 0.000000
c 0 0.000000 0.000000 0.000000
c 0 0.000000 0.000000 0.000000
c 0 0.000000 0.000000 0.000000
c 0 0.000000 0.000000 0.000000
c 0 0.000000 0.000000 0.000000
c 0 0.000000 0.000000 0.000000
c 0 0.000000 0.000000 0.000000
c 0 0.000000 0.000000 0.000000
c 0 0.000000 0.000000 0.000000
c 0 0.000000 0.000000 0.000000
c 0 0.000000 0.000000 0.000000
c 0 0.000000 0.000000 0.000000
c 0 0.000000 0.000000 0.000000
c 0 0.000000 0.000000 0.000000
c 0 0.000000 0.000000 0.000000
c 0 0.000000 0.000000 0.000000
c 0 0.000000 0.000000 0.000000
c 0 0.000000 0.000000 0.000000
c 0 0.000000 0.000000 0.000000
c 0 0.000000 0.000000 0.000000
c 0 0.000000 0.000000 0.000000
c 0 0.000000 0.000000 0.000000
c 0 0.000000 0.000000 0.000000
c 0 0.000000 0.000000 0.000000
c 0 0.000000 0.000000 0.000000
c 0 0.000000 0.000000 0.000000
c 0 0.000000 0.000000 0.000000
c 0 0.000000 0.000000 0.000000
c 0 0.000000 0.000000 0.000000
c 0 0.000000 0.000000 0.000000
c 0 0.000000 0.000000 0.000000
c 0 0.000000 0.000000 0.000000
c 0 0.000000 0.000000 0.000000
c 0 0.000000 0.000000 0.000000
c 0 0.000000 0.000000 0.000000
c 0 0.000000 0.000000 0.000000
c 0 0.000000 0.000000 0.000000
c 0 0.000000 0.000000 0.000000
c 0 0.000000 0.000000 0.000000
c 0 0.000000 0.000000 0.000000
c 0 0.000000 0.000000 0.000000
c 0 0.000000 0.000000 0.000000
c 0 0.000000 0.000000 0.000000
c 0 0.000000 0.000000 0.000000
c 0 0.000000 0.000000 0.000000
c 0 0.000000 0.000000 0.000000
c 1 0.005555 0.004985 0.004439
c 1 0.006644 0.005966 0.005897
c 1 0.005646 0.005041 0.004499
c 1 0.006286 0.005658 0.005592
c 1 0.005722 0.005209 0.004746
c 1 0.006309 0.005674 0.005189
c 1 0.005567 0.005042 0.004520
c 1 0.005881 0.005272 0.004832
c 1 0.001402 0.001280 0.000057
c 1 0.003122 0.002787 0.004085
c 1 0.004784 0.004321 0.003029
c 1 0.003647 0.003268 0.003417
c 1 0.000976 0.000880 0.000580
c 1 0.001290 0.001147 0.002513
c 1 0.001662 0.001484 0.001914
c 1 0.000188 0.000160 0.000934
c 1 0.001698 0.001519 0.001965
c 1 0.001505 0.001350 0.001009
c 1 0.000012 0.000013 0.000006
c 1 0.000102 0.000101 -0.000288
c 1 -3.411871 -11.102053 6.410741
c 1 -7.360273 -12.993240 10.723435
c 1 -1.185696 -8.649837 18.865828
c 1 3.256449 -5.028250 13.588556
c 1 -4.907536 -5.947279 19.853379
c 1 -2.030407 -0.736230 14.157406
c 1 -12.319980 -9.169541 11.144608
c 1 -9.545355 -5.028961 7.127689
c 1 4.379751 -10.733181 22.333591
c 1 0.731406 -12.156125 24.088508
c 1 2.974513 -6.868459 23.828934
c 1 -0.164350 -9.784059 26.092081
c 1 -3.282813 -11.003800 21.999764
c 1 -8.947579 -15.085983 13.264964
c 1 -5.626531 -7.676102 22.813035
c 1 -13.157445 -11.394441 13.037846
c 1 -11.394960 -11.076646 16.015859
c 1 -7.866065 -14.699376 15.600500
c 1 -10.031320 -10.590607 18.419920
c 1 -6.804883 -13.592714 18.145597
c 1 -8.267590 -9.513526 20.501290
c 1 -4.591807 -12.338701 20.534012
c 1 -9.346348 -19.357338 17.428677
c 1 -10.665799 -20.004867 15.424867
c 1 -11.055502 -18.571688 18.192959
c 1 -12.860786 -19.088343 16.273420
c 1 -13.952590 -18.791356 21.515111
c 1 -11.766505 -21.625134 20.758282
c 1 -9.788318 -20.474016 23.269049
c 1 -12.392321 -18.300603 23.271661
c 1 -12.272846 -17.586918 25.002191
c 1 -9.747891 -19.612403 24.609867
c 1 -8.261668 -18.369243 26.422091
c 1 -10.635119 -16.757141 27.140618
c 1 -9.427751 -14.613125 28.054245
c 1 -6.829917 -16.247057 27.743541
c 1 -5.038363 -15.220623 29.126513
c 1 -7.092644 -13.349151 29.688211
c 2 0.000000 0.000000 0.000000
c 2 0.000000 0.000000 0.000000
c 2 0.000000 0.000000 0.000000
c 2 0.000000 0.000000 0.000000
c 2 0.000000 0.000000 0.000000
c 2 0.000000 0.000000 0.000000
c 2 0.000000 0.000000 0.000000
c 2 0.000000 0.000000 0.000000
c 2 0.000000 0.000000 0.000000
c 2 0.000000 0.000000 0.000000
c 2 0.000000 0.000000 0.000000
c 2 0.000000 0.000000 0.000000
c 2 0.000000 0.000000 0.000000
c 2 0.000000 0.000000 0.000000
c 2 0.000000 0.000000 0.000000
c 2 0.000000 0.000000 0.000000
c 2 0.000000 0.000000 0.000000
c 2 0.000000 0.000000 0.000000
c 2 0.000000 0.000000 0.000000
c 2 0.000000 0.000000 0.000000
c 2 0.000000 0.000000 0.000000
c 2 0.000000 0.000000 0.000000
c 2 0.000000 0.000000 0.000000
c 2 0.000000 0.000000 0.000000
c 2 0.000000 0.000000 0.000000
c 2 0.000000 0.000000 0.000000
c 2 0.000000 0.000000 0.000000
c 2 0.000000 0.000000 0.000000
c 2 0.000000 0.000000 0.000000
c 2 0.000000 0.000000 0.000000
c 2 0.000000 0.000000 0.000000
c 2 0.000000 0.000000 0.000000
c 2 0.000000 0.000000 0.000000
c 2 0.000000 0.000000 0.000000
c 2 0.000000 0.000000 0.000000
c 2 0.000000 0.000000 0.000000
c 2 0.000000 0.000000 0.000000
c 2 0.000000 0.000000 0.000000
c 2 0.000000 0.000000 0.000000
c 2 0.000000 0.000000 0.000000
c 2 0.000000 0.000000 0.000000
c 2 0.000000 0.000000 0.000000
c 2 0.000000 0.000000 0.000000
c 2 0.000000 0.000000 0.000000
c 2 0.000000 0.000000 0.000000
c 2 0.000000 0.000000 0.000000
c 2 0.000000 0.000000 0.000000
c 2 0.000000 0.000000 0.000000
c 2 0.000000 0.000000 0.000000
c 2 0.000000 0.000000 0.000000
c 2 0.000000 0.000000 0.000000
c 2 0.000000 0.000000 0.000000
c 2 0.000000 0.000000 0.000000
c 2 0.000000 0.000000 0.000000
c 2 0.000000 0.000000 0.000000
c 2 0.000000 0.000000 0.000000
c 2 0.000000 0.000000 0.000000
c 2 0.000000 0.000000 0.000000
