# V3
# Composition of the .ska file:
# s <keyframeIndex> <(globalCurrentPoseRotation) x y z> <(globalCurrentPoseTranslation) x y z>

k 0.000000
k 3.000000
k 6.500000
k 9.000000
k 10.000000
s 0 0.000000 0.000000 0.000000 -24.270416 131.708755 -1.067472 
s 0 0.000000 0.000000 0.000000 -22.210047 134.170295 0.496234 
s 0 0.000000 0.000000 0.000000 -24.144065 132.358674 0.877874 
s 0 0.000000 0.000000 0.000000 -35.331867 119.190833 1.610494 
s 0 0.000000 0.000000 0.000000 -41.972007 112.537644 11.174795 
s 0 0.000000 0.000000 0.000000 -48.685374 106.055188 20.762488 
s 0 0.000000 0.000000 0.000000 -48.799744 105.388761 25.633577 
s 0 0.000000 0.000000 0.000000 -46.520562 104.533786 27.965444 
s 0 0.000000 0.000000 0.000000 -45.157230 103.138524 31.448843 
s 0 0.000000 0.000000 0.000000 -49.855165 104.424228 23.721160 
s 0 0.000000 0.000000 0.000000 -51.701277 101.986051 31.290825 
s 0 0.000000 0.000000 0.000000 -52.064045 100.417009 33.626653 
s 0 0.000000 0.000000 0.000000 -52.007048 98.697122 35.497899 
s 0 0.000000 0.000000 0.000000 -49.855171 104.424242 23.721163 
s 0 0.000000 0.000000 0.000000 -53.499729 100.705907 29.413948 
s 0 0.000000 0.000000 0.000000 -54.291630 97.954205 31.752067 
s 0 0.000000 0.000000 0.000000 -54.586582 95.684859 33.705564 
s 0 0.000000 0.000000 0.000000 -51.130562 102.713310 22.644552 
s 0 0.000000 0.000000 0.000000 -54.337883 99.815185 27.553836 
s 0 0.000000 0.000000 0.000000 -55.356876 97.191705 29.191776 
s 0 0.000000 0.000000 0.000000 -55.832711 94.955391 30.666936 
s 0 0.000000 0.000000 0.000000 -51.130560 102.713305 22.644551 
s 0 0.000000 0.000000 0.000000 -54.490784 98.776783 25.447305 
s 0 0.000000 0.000000 0.000000 -55.140455 96.725993 26.354666 
s 0 0.000000 0.000000 0.000000 -55.329188 95.169572 27.034946 
s 1 0.000000 0.000000 0.000000 -24.267502 131.701384 -1.068898 
s 1 0.000000 0.000000 0.000000 -22.209774 134.169626 0.496112 
s 1 0.000000 0.000000 0.000000 -24.143246 132.356660 0.877504 
s 1 -25.833626 25.736320 -5.668229 -35.226120 118.933514 1.564851 
s 1 -25.833626 25.736320 -5.668229 -36.599210 117.677585 14.775797 
s 1 -25.833626 25.736320 -5.668229 -37.725312 115.949636 28.029666 
s 1 -25.833626 25.736320 -5.668229 -35.651712 117.266206 32.290123 
s 1 -25.833626 25.736320 -5.668229 -32.515917 117.202113 33.526648 
s 1 -25.833626 25.736320 -5.668229 -29.649846 117.180244 36.306601 
s 1 -25.833626 25.736320 -5.668229 -37.328669 115.723676 31.576499 
s 1 -25.833626 25.736320 -5.668229 -35.469524 116.646158 39.472494 
s 1 -25.833626 25.736320 -5.668229 -34.629687 116.166395 42.139760 
s 1 -25.833626 25.736320 -5.668229 -33.599319 115.327914 44.307289 
s 1 -25.833626 25.736320 -5.668229 -37.328697 115.723721 31.576498 
s 1 -25.833626 25.736320 -5.668229 -37.765143 114.894243 39.234201 
s 1 -25.833626 25.736320 -5.668229 -37.191449 113.372212 42.553899 
s 1 -25.833626 25.736320 -5.668229 -36.386417 112.095128 45.156624 
s 1 -25.833626 25.736320 -5.668229 -38.766561 113.846962 31.929004 
s 1 -25.833626 25.736320 -5.668229 -39.231535 113.419738 38.439651 
s 1 -25.833626 25.736320 -5.668229 -39.176504 111.758428 41.239938 
s 1 -25.833626 25.736320 -5.668229 -38.743509 110.338669 43.520416 
s 1 -25.833626 25.736320 -5.668229 -38.766574 113.846983 31.929004 
s 1 -25.833626 25.736320 -5.668229 -40.175435 111.651900 37.205719 
s 1 -25.833626 25.736320 -5.668229 -40.161840 110.192753 39.028497 
s 1 -25.833626 25.736320 -5.668229 -39.882393 109.055066 40.272954 
s 2 0.000000 0.000000 0.000000 -24.267574 131.702311 -1.068587 
s 2 0.000000 0.000000 0.000000 -22.209784 134.169680 0.496131 
s 2 0.000000 0.000000 0.000000 -24.143280 132.356851 0.877571 
s 2 5.354974 -15.685866 -32.695583 -35.229706 118.949793 1.570920 
s 2 15.715522 3.018748 -45.686168 -46.610409 117.890402 8.396402 
s 2 -4.703352 -29.849152 -61.451716 -57.450181 116.020010 16.125191 
s 2 -4.703352 -29.849152 -61.451716 -58.900421 118.124530 20.326928 
s 2 -4.703352 -29.849152 -61.451716 -59.105879 117.118758 23.537877 
s 2 -4.703352 -29.849152 -61.451716 -60.364713 117.119515 27.326861 
s 2 -4.703352 -29.849152 -61.451716 -59.885190 117.595874 18.217020 
s 2 -4.703352 -29.849152 -61.451716 -64.082634 121.522601 24.015153 
s 2 -4.703352 -29.849152 -61.451716 -66.022759 122.217200 25.965327 
s 2 -4.703352 -29.849152 -61.451716 -67.847186 122.304943 27.733555 
s 2 -4.703352 -29.849152 -61.451716 -59.885170 117.595895 18.217016 
s 2 -4.703352 -29.849152 -61.451716 -65.664034 121.437620 21.588669 
s 2 -4.703352 -29.849152 -61.451716 -68.840836 121.939373 23.411345 
s 2 -4.703352 -29.849152 -61.451716 -71.316468 122.092315 25.114577 
s 2 -4.703352 -29.849152 -61.451716 -61.767534 117.302571 16.773312 
s 2 -4.703352 -29.849152 -61.451716 -66.501564 120.800550 19.626923 
s 2 -4.703352 -29.849152 -61.451716 -69.542252 121.199215 20.722219 
s 2 -4.703352 -29.849152 -61.451716 -71.984365 121.277341 21.919592 
s 2 -4.703352 -29.849152 -61.451716 -61.767529 117.302575 16.773311 
s 2 -4.703352 -29.849152 -61.451716 -67.146557 119.459330 17.803733 
s 2 -4.703352 -29.849152 -61.451716 -69.401062 119.481881 18.410594 
s 2 -4.703352 -29.849152 -61.451716 -70.984535 119.263202 19.015406 
s 3 0.000000 0.000000 0.000000 -24.267502 131.701384 -1.068898 
s 3 0.000000 0.000000 0.000000 -22.209774 134.169626 0.496112 
s 3 0.000000 0.000000 0.000000 -24.143246 132.356660 0.877504 
s 3 0.000000 0.000000 0.000000 -35.226120 118.933514 1.564851 
s 3 0.000000 0.000000 0.000000 -42.081808 112.735905 11.186751 
s 3 0.000000 0.000000 0.000000 -48.692740 106.065305 20.763681 
s 3 0.000000 0.000000 0.000000 -48.801125 105.390633 25.633765 
s 3 57.950501 24.271276 10.315100 -46.521439 104.534962 27.965539 
s 3 84.813119 58.081570 -32.347094 -44.367846 101.172978 28.011201 
s 3 0.000000 0.000000 0.000000 -49.857229 104.427025 23.721451 
s 3 41.909280 31.959583 50.551317 -51.701450 101.986266 31.290838 
s 3 100.704852 18.868795 113.774356 -49.558309 100.297444 32.068411 
s 3 121.440736 -27.099102 124.033424 -47.924123 100.356228 30.121906 
s 3 0.000000 0.000000 0.000000 -49.857257 104.427069 23.721456 
s 3 50.649583 14.418301 71.369056 -53.499895 100.706116 29.413961 
s 3 89.832577 -7.502536 104.126059 -50.429598 98.692099 28.986055 
s 3 77.152669 -55.513378 148.442345 -48.529524 99.173543 26.703266 
s 3 0.000000 0.000000 0.000000 -51.132248 102.715602 22.644787 
s 3 47.818334 11.526557 70.700774 -54.338160 99.815544 27.553862 
s 3 79.057705 -15.178034 99.515467 -51.915564 97.730706 26.930103 
s 3 65.330424 -64.802226 154.538581 -50.075491 98.082090 24.956668 
s 3 0.000000 0.000000 0.000000 -51.132261 102.715622 22.644790 
s 3 44.950734 5.117936 62.430121 -54.491173 98.777299 25.447345 
s 3 74.488273 -18.288835 85.375628 -52.968941 97.171535 24.701592 
s 3 79.148238 -60.139043 123.732413 -51.881768 97.318791 23.391069 
s 4 0.000000 0.000000 0.000000 -24.267502 131.701384 -1.068898 
s 4 0.000000 0.000000 0.000000 -22.209774 134.169626 0.496112 
s 4 0.000000 0.000000 0.000000 -24.143246 132.356660 0.877504 
s 4 0.000000 0.000000 0.000000 -35.226120 118.933514 1.564851 
s 4 0.000000 0.000000 0.000000 -42.081808 112.735905 11.186751 
s 4 0.000000 0.000000 0.000000 -48.692740 106.065305 20.763681 
s 4 0.000000 0.000000 0.000000 -48.801125 105.390633 25.633765 
s 4 0.000000 0.000000 0.000000 -46.521439 104.534962 27.965539 
s 4 0.000000 0.000000 0.000000 -45.157494 103.138863 31.448861 
s 4 0.000000 0.000000 0.000000 -49.857229 104.427025 23.721451 
s 4 0.000000 0.000000 0.000000 -51.701450 101.986266 31.290838 
s 4 0.000000 0.000000 0.000000 -52.064145 100.417126 33.626658 
s 4 0.000000 0.000000 0.000000 -52.007132 98.697217 35.497902 
s 4 0.000000 0.000000 0.000000 -49.857257 104.427069 23.721456 
s 4 0.000000 0.000000 0.000000 -53.499895 100.706116 29.413961 
s 4 0.000000 0.000000 0.000000 -54.291734 97.954331 31.752072 
s 4 0.000000 0.000000 0.000000 -54.586664 95.684954 33.705566 
s 4 0.000000 0.000000 0.000000 -51.132248 102.715602 22.644787 
s 4 0.000000 0.000000 0.000000 -54.338160 99.815544 27.553862 
s 4 0.000000 0.000000 0.000000 -55.356992 97.191848 29.191784 
s 4 0.000000 0.000000 0.000000 -55.832792 94.955488 30.666941 
s 4 0.000000 0.000000 0.000000 -51.132261 102.715622 22.644790 
s 4 0.000000 0.000000 0.000000 -54.491173 98.777299 25.447345 
s 4 0.000000 0.000000 0.000000 -55.140671 96.726274 26.354684 
s 4 0.000000 0.000000 0.000000 -55.329336 95.169762 27.034957 
